tensor([ 5, 22,  1,  ..., 47, 15, 15], device='mps:0')
torch.Size([8802])
aasdf::
tensor([ 5,  7,  1,  ..., 48, 35, 15], device='mps:0')
torch.Size([8802])
              precision    recall  f1-score   support

           0       0.41      0.28      0.33       249
           1       0.62      0.57      0.59       205
           2       0.51      0.40      0.45       223
           3       0.48      0.61      0.54       132
           4       0.61      0.36      0.45       305
           5       0.62      0.61      0.62       171
           6       0.61      0.68      0.64       158
           7       0.56      0.42      0.48       239
           8       0.35      0.32      0.33       181
           9       0.52      0.68      0.59       149
          10       0.45      0.27      0.34       163
          11       0.53      0.55      0.54       182
          12       0.60      0.56      0.58       189
          13       0.28      0.45      0.34        29
          14       0.40      0.42      0.41       161
          15       0.38      0.32      0.35       228
          16       0.35      0.34      0.35       181
          17       0.44      0.52      0.48       153
          18       0.34      0.39      0.36       140
          19       0.36      0.39      0.37       171
          20       0.61      0.70      0.65       158
          21       0.37      0.85      0.51        84
          22       0.83      0.87      0.85       181
          23       0.26      0.56      0.35        95
          24       0.56      0.66      0.61       143
          25       0.49      0.59      0.54       157
          26       0.75      0.73      0.74       176
          27       0.26      0.38      0.31       119
          28       0.32      0.48      0.38       112
          29       0.66      0.57      0.61       207
          30       0.53      0.50      0.52       194
          31       0.55      0.52      0.54       195
          32       0.42      0.41      0.41       198
          33       0.63      0.64      0.63       190
          34       0.72      0.61      0.66       218
          35       0.34      0.51      0.41       104
          36       0.66      0.54      0.60       217
          37       0.59      0.71      0.64       157
          38       0.43      0.22      0.29       354
          39       0.42      0.52      0.46       153
          40       0.57      0.66      0.61       163
          41       0.74      0.57      0.64       221
          42       0.27      0.39      0.32       124
          43       0.48      0.47      0.47       164
          44       0.49      0.36      0.41       245
          45       0.56      0.67      0.61       148
          46       0.41      0.48      0.44       162
          47       0.73      0.65      0.69       226
          48       0.59      0.54      0.56       202
          49       0.28      0.40      0.33       126

    accuracy                           0.50      8802
   macro avg       0.50      0.52      0.50      8802
weighted avg       0.52      0.50      0.50      8802

